3294199471327195994824832197564859876682638188889768298894243832665654681412886862234525991553276578
6412655899591784142183893293614966739916146736263445521794139955622668181383723932139661431249144693
9769258725111266321786287923322676353391112889335453635321384712225146385789415981982872482796957643
2191847787772732881266875469721189331882228146576832921314638221317393256471998598117289632684663355
2738459839338457217134978117669953677958579652221836687655174542633541111348413346313451115961316827
2619657476316518788933759958334563441343616553974418886615677158564771855518252993666968358166239861
8765391487164715724849894563314426959348119286955144439452731762666568741612153254469131724137699832
9847289378659567119255926284566171336952595545487193282299386213323251259725471812368122638873758662
3111831295436943293735935726646738331832623957287731476512184483112617817398879976521891317882596626
8816476559792947359956859989228917136267178571776316345292573489873792149646548747995389669692188457
7244144687271928199194482759221663211581413652375452226336883728914518424344585276987743421114824989
9938383149257761515459127871965679827737736328437946875799837319323179576764465415543269298865131284
5433511879457921638934877557575241394363721667237778962455961493559848522582413748218971212486373232
7958783629648738559946971496928249171833755451921194535873981999125644746142199293451854686611299663
7969381349854247473219817649669474611157692571549396729648725823785415238236557987689439181575981537
3319159213475555251488754279888245492373595471189191353244684697662848376529881512529221627313527441
2214596727869231451659896112233722411499294362473748184674816419318729725822954259369985351944239165
4436779952227691444523158227236838883183443756275211932528647435286355469337371884864956845179775192
6315617575295381964426843625282819524747119726872193569785611959896776143539915299968276374712996485
3678534947343762575112734437364334644962872196156973419731317151667689161498283964546385967135729636
86159214116763
